#//warm
	74, 3197, 8352, 8356, 8368, 8369, 8373, 9927, 10313, 10314, 10364, 10365, 10366, 10367, 14153, 14673, 14678 , 14867,
#//bad
	3, 58, 60, 62, 103, 177, 287, 655, 917, 1002, 1204, 1386, 1535, 1892, 2112, 2114, 2115, 2116, 2119, 2120, 2123, 2124, 2125, 2395, 2397, 2399, 2575, 2929, 3039, 3488, 4320, 4817, 4835, 4837, 4838, 4839, 4846, 5328, 5330, 5332, 5334, 5336, 5338, 5340, 5555, 5662, 5663, 5824, 5826, 5832, 5833, 6080, 6081, 6082, 6083, 6084, 6085, 6086, 6087, 6088, 6089, 6090, 6091, 6092, 6093, 6094, 6095, 6104, 6128, 6129, 6130, 6131, 6132, 6133, 6134, 6135, 6136, 6137, 6138, 6139, 6140, 6141, 6142, 6143, 6275, 6331, 6481, 6645, 6649, 6650, 6651, 6690, 6811, 8047, 8357, 8372, 9217, 9269, 9703, 9706, 9769, 9872, 9878, 9940, 9942, 9945, 9951, 10203, 10363, 10451, 10560, 10561, 10562, 10563, 10564, 10565, 10566, 10567, 10568, 10569, 10570, 10571, 10572, 10573, 10574, 10575, 10608, 10609, 10610, 10611, 10612, 10613, 10614, 10615, 10616, 10617, 10618, 10619, 10620, 10621, 10622, 10623, 10982, 11738, 12160, 12163, 12320, 12321, 12322, 12323, 12324, 12325, 12326, 12327, 12328, 12329, 12330, 12331, 12332, 12333, 12334, 12335, 12368, 12369, 12370, 12371, 12372, 12373, 12374, 12375, 12376, 12377, 12378, 12379, 12380, 12381, 12382, 12383, 12610, 12613, 12802, 12803, 12805, 12806, 12809, 12810, 12824, 12825, 12871, 12914, 12917, 12925, 12927, 13049, 13053, 13055, 13056, 13064, 13068, 13120, 13126, 13282, 13284, 13287, 13292, 13402, 13405, 13460, 13462, 13463, 13464, 13465, 13471, 13476, 13477, 13484, 13485, 13512, 13513, 13524, 13558, 13559, 13828, 13835, 13953, 13968, 13969, 13971, 13978, 13980, 13982, 14191, 14193, 14207, 14228, 14234, 14236, 14239, 14249, 14305, 14309, 14313, 14317, 14319, 14328, 14363, 14374, 14402, 14410, 14411, 14438, 14447, 14498, 14502, 14544, 14545, 14549, 14557, 14592, 14594, 14600, 14601, 14606, 14621, 14625, 14641, 14644, 14647, 14666, 14669, 14679, 14681, 14688, 14689, 14691, 14694, 14696, 14697, 14711, 14713, 14717, 14718, 14719, 14721, 14726, 14727, 14736, 14744, 14746, 14750, 14751, 14753, 14757, 14758, 14761, 14762, 14766, 14772, 14775, 14862, 14874, 14986, 14993, 15012, 15090, 15093, 15152, 15158, 15266, 15272, 15284, 15288, 15290, 15291, 15294, 15301, 15304, 15338, 15354, 15358, 15440, 15446, 15460, 15469, 15690, 15780, 15783, 15785, 15789, 15867, 15870, 15877, 15908, 15938, 15941, 15955, 15963, 16088, 16091, 16094, 16308, 16317, 16349, 16473, 16476, 16477, 16479, 16480, 16482, 16483, 16488, 16491, 16496, 16498, 16499, 16506, 16634, 16784, 16785, 16867, 16886, 17046, 17095, 17100, 17101, 17202, 17204, 17233, 17237, 17291, 17312, 17313, 17314, 17315, 17316, 17317, 17318, 17319, 17320, 17321, 17322, 17323, 17324, 17325, 17326, 17327, 17328, 17329, 17330, 17331, 17332, 17333, 17334, 17335, 17336, 17337, 17338, 17339, 17340, 17341, 17342, 17343,
#// 3x RMS 1st iter - all N,W and >200
1275 , 3764 , 4616 , 4618 , 4621 , 4670 , 4717 , 5139 , 5359 , 5443 , 5747 , 6995 , 7063 , 7090 , 7218 , 7219 , 7287 , 7291 , 7543 , 7671 , 7762 , 7763 , 7767 , 7774 , 7802 , 7939 , 7943 , 7950 , 8080 , 8081 , 8082 , 8083 , 8084 , 8085 , 8086 , 8087 , 8088 , 8089 , 8090 , 8091 , 8092 , 8093 , 8094 , 8095 , 8128 , 8129 , 8130 , 8131 , 8132 , 8134 , 8135 , 8136 , 8137 , 8138 , 8139 , 8140 , 8141 , 8143 , 8200 , 8204 , 8354 , 8404 , 8405 , 8413 , 8454 , 8465 , 8472 , 8473 , 8476 , 8498 , 8505 , 8506 , 8560 , 8561 , 8568 , 8673 , 8675 , 8680 , 8681 , 8744 , 8748 , 8840 , 8856 , 8860 , 8940 , 8941 , 8942 , 8943 , 8960 , 8961 , 8963 , 8964 , 8965 , 8968 , 8971 , 8972 , 8975 , 8986 , 9009 , 9010 , 9012 , 9013 , 9014 , 9015 , 9016 , 9018 , 9019 , 9020 , 9021 , 9022 , 9023 , 9108 , 9128 , 9459 , 9779 , 9859 , 10421 , 10806 , 10952 , 10984 , 11084 , 11735 , 11742 , 11830 , 11831 , 11937 , 11944 , 11948 , 11980 , 12117 , 12164 , 12165 , 12172 , 12178 , 12185 , 12186 , 12187 , 12257 , 12261 , 12264 , 12268 , 12631 , 12848 , 12851 , 12921 , 13031 , 13110 , 13118 , 13122 , 13249 , 13509 , 13644 , 13848 , 13914 , 13977 , 14081 , 14089 , 14169 , 14206 , 14217 , 14270 , 14304 , 14306 , 14366 , 14381 , 14503 , 14610 , 14676 , 14738 , 14760 , 14767 , 14805 , 15061 , 15140 , 15282 , 15293 , 15300 , 15331 , 15403 , 15507 , 15514 , 15515 , 15552 , 15553 , 15556 , 15557 , 15558 , 15559 , 15560 , 15561 , 15563 , 15564 , 15565 , 15566 , 15567 , 15600 , 15601 , 15602 , 15603 , 15604 , 15605 , 15607 , 15608 , 15609 , 15610 , 15611 , 15612 , 15613 , 15614 , 15615 , 15673 , 15838 , 15952 , 15953 , 15954 , 15956 , 15957 , 15958 , 15959 , 15960 , 15961 , 15962 , 15964 , 15965 , 15966 , 15967 , 15969 , 16000 , 16001 , 16002 , 16003 , 16004 , 16005 , 16006 , 16007 , 16008 , 16009 , 16010 , 16011 , 16012 , 16013 , 16014 , 16015 , 16089 , 16112 , 16319 , 16481 , 16741 , 16748 , 16819 , 16826 , 17003 , 17075 , 17203 , 17343 , 17473 , 17480 , 17500 ,
#1.0 16792 5.95521676989e-05
#[i] bad channels from: fHcellsW_hl cut n-RMS: 3.0
12360 , 12783 , 12811 , 12815 , 12874 , 12919 , 12921 , 12922 , 13122 , 13509 , 13510 , 13525 , 13977 , 14306 , 14403 , 14610 , 14668 , 14676 , 14738 , 14760 , 14763 , 15020 , 15137 , 15157 , 15282 , 15293 , 15331 , 15333 , 15359 , 15969 , 16481 , 16509 , 16819 , 16826 , 17091 , 17343 ,
#1.0 16705 5.98623166717e-05
#[i] bad channels from: fHcellsN200_hl200 cut n-RMS: 3.0
65 , 1061 , 2778 , 4026 , 6340 , 6646 , 6655 , 6701 , 7089 , 8904 , 9849 , 10823 , 10829 , 10831 , 10981 , 11034 , 11195 , 11551 , 12315 , 12360 , 12783 , 12811 , 12814 , 12815 , 12853 , 12861 , 12874 , 12919 , 12921 , 12922 , 13122 , 13128 , 13156 , 13249 , 13280 , 13288 , 13294 , 13433 , 13458 , 13461 , 13479 , 13509 , 13510 , 13525 , 13578 , 13848 , 13933 , 13977 , 14058 , 14060 , 14306 , 14311 , 14314 , 14373 , 14382 , 14403 , 14503 , 14554 , 14609 , 14610 , 14616 , 14668 , 14676 , 14690 , 14738 , 14752 , 14754 , 14760 , 14763 , 14767 , 14839 , 14872 , 15020 , 15033 , 15094 , 15137 , 15140 , 15157 , 15282 , 15287 , 15292 , 15293 , 15331 , 15342 , 15398 , 15403 , 15670 , 15969 , 15979 , 15983 , 16429 , 16475 , 16481 , 16509 , 16819 , 16821 , 16826 , 17091 , 17107 , 17343 , 17531 ,
#1.0 16705 5.98623166717e-05
#[i] bad channels from: fHcellsW200_hl200 cut n-RMS: 3.0
12360 , 12783 , 12811 , 12815 , 12874 , 12919 , 12921 , 12922 , 13122 , 13509 , 13510 , 13525 , 13977 , 14306 , 14403 , 14610 , 14668 , 14676 , 14738 , 14760 , 14763 , 15020 , 15157 , 15282 , 15293 , 15331 , 15333 , 15359 , 15969 , 16481 , 16509 , 16819 , 16826 , 17091
#// 2nd iteration
#1.0 16455 6.07718018839e-05
#[i] bad channels from: fHcellsN_hl cut n-RMS: 3.0
15 , 2305 , 2457 , 2749 , 2750 , 4610 , 4617 , 4639 , 4674 , 4675 , 4682 , 4739 , 4755 , 4801 , 4832 , 4867 , 4963 , 4979 , 5011 , 5113 , 5165 , 5219 , 5251 , 5281 , 5356 , 5471 , 5491 , 5498 , 5517 , 5551 , 5635 , 6652 , 6993 , 6999 , 7001 , 7014 , 7059 , 7070 , 7071 , 7091 , 7210 , 7283 , 7315 , 7539 , 7625 , 7717 , 7718 , 7894 , 7907 , 8100 , 8142 , 8161 , 8172 , 8177 , 8188 , 8193 , 8196 , 8239 , 8347 , 8385 , 8390 , 8396 , 8407 , 8412 , 8414 , 8462 , 8470 , 8574 , 8617 , 8641 , 8648 , 8664 , 8672 , 8677 , 8684 , 8737 , 8750 , 8838 , 8839 , 8844 , 8864 , 8867 , 8914 , 8932 , 8933 , 8962 , 8966 , 8967 , 8969 , 8970 , 8974 , 9008 , 9011 , 9017 , 9025 , 9031 , 9038 , 9039 , 9109 , 9116 , 9159 , 9174 , 9241 , 9243 , 9267 , 9294 , 9492 , 9634 , 9805 , 9827 , 9971 , 10296 , 10343 , 10420 , 10760 , 10761 , 10812 , 10813 , 10927 , 10969 , 10976 , 10977 , 10985 , 11005 , 11012 , 11122 , 11396 , 11432 , 11523 , 11530 , 11573 , 11580 , 11618 , 11647 , 11746 , 11838 , 11886 , 11888 , 11899 , 11902 , 11919 , 11973 , 11975 , 11994 , 12124 , 12140 , 12166 , 12167 , 12174 , 12274 , 12278 , 12281 , 12282 , 12567 , 12673 , 12676 , 12682 , 12727 , 12849 , 12856 , 12858 , 12930 , 12931 , 12985 , 12998 , 13036 , 13047 , 13050 , 13052 , 13084 , 13089 , 13109 , 13119 , 13302 , 13380 , 13414 , 13457 , 13508 , 13516 , 13518 , 13711 , 13863 , 13904 , 13905 , 13912 , 13961 , 14003 , 14064 , 14065 , 14067 , 14075 , 14083 , 14088 , 14161 , 14171 , 14199 , 14263 , 14409 , 14579 , 14584 , 14587 , 14614 , 14620 , 14646 , 14741 , 14749 , 14836 , 14846 , 14850 , 14877 , 15060 , 15161 , 15228 , 15251 , 15260 , 15368 , 15369 , 15371 , 15409 , 15425 , 15432 , 15433 , 15434 , 15483 , 15505 , 15506 , 15512 , 15513 , 15554 , 15555 , 15562 , 15578 , 15606 , 15664 , 15667 , 15904 , 15907 , 15921 , 15923 , 15929 , 15930 , 16081 , 16083 , 16115 , 16156 , 16268 , 16310 , 16316 , 16404 , 16556 , 16817 , 16854 , 16862 , 16863 , 16878 , 16911 , 16923 , 16955 , 16996 , 16997 , 17005 , 17013 , 17043 , 17051 , 17070 , 17130 , 17249 , 17252 , 17258 , 17278 , 17492 , 17493 ,
#1.0 16455 6.07718018839e-05
#[i] bad channels from: fHcellsW_hl cut n-RMS: 3.0
13 , 19 , 55 , 1067 , 1682 , 2305 , 2343 , 4047 , 4617 , 4623 , 4639 , 4649 , 4669 , 4737 , 4963 , 4979 , 5011 , 5107 , 6652 , 6840 , 6892 , 6993 , 6999 , 7059 , 8142 , 8470 , 8648 , 8750 , 8864 , 8906 , 8907 , 8962 , 8970 , 9229 , 9241 , 9267 , 9798 , 9807 , 10760 , 11099 , 11141 , 11142 , 11340 , 11411 , 11432 , 11647 , 11838 , 11839 , 11886 , 11966 , 12124 , 12126 , 12174 , 12175 , 12278 , 12282 , 12286 , 12299 , 12301 , 12614 , 12618 , 12823 , 12826 , 12856 , 12858 , 12879 , 12916 , 12926 , 13050 , 13058 , 13066 , 13067 , 13089 , 13130 , 13380 , 13414 , 13457 , 13469 , 13481 , 13508 , 13518 , 13786 , 13863 , 13904 , 13921 , 13983 , 14308 , 14362 , 14376 , 14409 , 14617 , 14653 , 14703 , 14733 , 14741 , 14756 , 14764 , 14977 , 15295 , 15341 , 15348 , 15371 , 15425 , 15433 , 15435 , 15476 , 15513 , 15606 , 15664 , 15667 , 15776 , 16090 , 16286 , 16304 , 16404 , 16422 , 16470 , 16472 , 16817 , 16854 , 16862 , 16863 , 16909 , 16910 , 16911 , 16923 , 16927 , 17070 , 17531 , 17537 ,
#1.0 16370 6.10873549175e-05
#[i] bad channels from: fHcellsN200_hl200 cut n-RMS: 3.0
11 , 13 , 19 , 33 , 55 , 83 , 1067 , 1276 , 1682 , 1685 , 2218 , 2284 , 2285 , 2329 , 3135 , 4047 , 4617 , 6556 , 6644 , 6652 , 6798 , 6840 , 6884 , 6993 , 8836 , 8906 , 8911 , 9241 , 9475 , 9798 , 9807 , 11102 , 11141 , 11142 , 11150 , 11158 , 11411 , 11525 , 11550 , 11630 , 11647 , 11663 , 11871 , 11966 , 12046 , 12110 , 12126 , 12174 , 12191 , 12270 , 12282 , 12286 , 12299 , 12305 , 12365 , 12611 , 12807 , 12823 , 12852 , 12856 , 12858 , 12916 , 12926 , 12988 , 13058 , 13066 , 13067 , 13130 , 13131 , 13457 , 13467 , 13468 , 13469 , 13481 , 13747 , 13786 , 13893 , 13921 , 13983 , 14362 , 14376 , 14415 , 14618 , 14619 , 14733 , 14741 , 14756 , 14764 , 15295 , 15329 , 15340 , 15341 , 15348 , 15371 , 15462 , 15470 , 15471 , 15476 , 15776 , 15873 , 16090 , 16472 , 16502 , 16510 , 16817 , 16907 , 16910 , 16911 , 16927 , 17531 , 17550 , 17599 ,
#1.0 16370 6.10873549175e-05
#[i] bad channels from: fHcellsW200_hl200 cut n-RMS: 3.0
13 , 55 , 83 , 347 , 1067 , 1085 , 1276 , 1682 , 1984 , 2321 , 3135 , 4047 , 4478 , 4623 , 4643 , 4649 , 4737 , 5107 , 5496 , 6436 , 6556 , 6662 , 6782 , 6798 , 6805 , 6840 , 6852 , 6892 , 6993 , 7450 , 8318 , 8709 , 8906 , 8907 , 8915 , 8935 , 9156 , 9798 , 9807 , 11099 , 11102 , 11141 , 11142 , 11146 , 11340 , 11411 , 11525 , 11630 , 11647 , 11663 , 11839 , 11966 , 12046 , 12063 , 12174 , 12277 , 12278 , 12300 , 12407 , 12614 , 12618 , 12807 , 12823 , 12826 , 12856 , 12858 , 12879 , 12916 , 12988 , 13058 , 13066 , 13067 , 13130 , 13457 , 13469 , 13481 , 13508 , 13517 , 13549 , 13707 , 13747 , 13754 , 13786 , 13893 , 13921 , 13983 , 14308 , 14362 , 14376 , 14407 , 14653 , 14703 , 14733 , 14741 , 14756 , 14764 , 14774 , 14977 , 15295 , 15328 , 15337 , 15341 , 15345 , 15348 , 15371 , 15470 , 15476 , 16286 , 16304 , 16422 , 16428 , 16472 , 16502 , 16523 , 16907 , 16910 , 16927 , 16990 , 17531 , 17537 , 17550 ,
# different run 245146 - next iter
# 1.0 15934 6.27588803816e-05
# [i] bad channels from: fHcellsN200_hl200 cut n-RMS: 3.0
77 , 2220 , 2222 , 2246 , 2371 , 2385 , 4625 , 6640 , 6648 , 6806 , 6808 , 7269 , 8944 , 9096 , 9192 , 10138 , 11534 , 11535 , 11678 , 11679 , 11967 , 12361 , 12607 , 12609 , 12830 , 12875 , 13806 , 13947 , 14414 , 14613 , 14661 , 14662 , 14735 , 14814 , 14935 , 15027 , 15274 , 15298 , 15299 , 15316 , 15383 , 15385 , 15444 , 15874 , 16054 , 16151 , 16158 , 16159 , 16278 , 16388 , 16435 , 16440 , 16442 , 16443 , 16446 , 17022 , 17396 , 17421 ,
# 1.0 15934 6.27588803816e-05
# [i] bad channels from: fHcellsW200_hl200 cut n-RMS: 3.0
10138 , 12607 , 14662 , 14702 , 14735 , 15299 , 16054 , 16306 , 16388 , 16440 , 16443 , 16446

