#Path: /HepData/8405/d5-x1-y1
#VERBATIMThe average transverse momentum as a function of multiplicity of charged particles
#    having transverse momentum in the range 0.15-10 GeV/c and |eta| < 0.3 produced from PB-PB collisions 
#    at a centre-of mass energy/nucleon of 2.76 TeV
#Location: F 2
#ABS(ETARAP(P=3)) : < 0.3
#PT(P=3) : 0.15 - 10.0 GeV
#RE : PB PB --> CHARGED X
#SQRT(S)/NUCLEON : 2760.0 GeV
#x: MULT(P=3)
#y : MEAN(NAME=PT) IN GEV
#x	xlow	xhigh	y	dy+	dy-	dy+	dy-	
1.0	0.5	1.5	0.5188	+8.5E-4	-8.5E-4	+0.0068	-0.0068
2.0	1.5	2.5	0.5278	+5.7E-4	-5.7E-4	+0.007	-0.007
3.0	2.5	3.5	0.5377	+4.5E-4	-4.5E-4	+0.0065	-0.0065
4.0	3.5	4.5	0.5473	+3.9E-4	-3.9E-4	+0.0067	-0.0067
5.0	4.5	5.5	0.5563	+3.6E-4	-3.6E-4	+0.0068	-0.0068
6.0	5.5	6.5	0.5643	+3.4E-4	-3.4E-4	+0.0069	-0.0069
7.0	6.5	7.5	0.5715	+3.2E-4	-3.2E-4	+0.0071	-0.0071
8.0	7.5	8.5	0.5778	+3.1E-4	-3.1E-4	+0.0073	-0.0073
9.0	8.5	9.5	0.5834	+2.9E-4	-2.9E-4	+0.0076	-0.0076
10.0	9.5	10.5	0.5884	+2.8E-4	-2.8E-4	+0.0077	-0.0077
11.0	10.5	11.5	0.5928	+2.8E-4	-2.8E-4	+0.0076	-0.0076
12.0	11.5	12.5	0.5965	+2.7E-4	-2.7E-4	+0.0076	-0.0076
13.0	12.5	13.5	0.5999	+2.6E-4	-2.6E-4	+0.0076	-0.0076
14.0	13.5	14.5	0.6029	+2.6E-4	-2.6E-4	+0.0076	-0.0076
15.0	14.5	15.5	0.6055	+2.5E-4	-2.5E-4	+0.0076	-0.0076
16.0	15.5	16.5	0.6079	+2.4E-4	-2.4E-4	+0.0076	-0.0076
17.0	16.5	17.5	0.6099	+2.4E-4	-2.4E-4	+0.0077	-0.0077
18.0	17.5	18.5	0.6117	+2.3E-4	-2.3E-4	+0.0078	-0.0078
19.0	18.5	19.5	0.6134	+2.3E-4	-2.3E-4	+0.0078	-0.0078
20.0	19.5	20.5	0.6149	+2.3E-4	-2.3E-4	+0.0078	-0.0078
21.0	20.5	21.5	0.6163	+2.2E-4	-2.2E-4	+0.0077	-0.0077
22.0	21.5	22.5	0.6175	+2.2E-4	-2.2E-4	+0.0077	-0.0077
23.0	22.5	23.5	0.6186	+2.2E-4	-2.2E-4	+0.0077	-0.0077
24.0	23.5	24.5	0.6197	+2.1E-4	-2.1E-4	+0.0077	-0.0077
25.0	24.5	25.5	0.6206	+2.1E-4	-2.1E-4	+0.0077	-0.0077
26.0	25.5	26.5	0.6215	+2.1E-4	-2.1E-4	+0.0077	-0.0077
27.0	26.5	27.5	0.6224	+2.1E-4	-2.1E-4	+0.0078	-0.0078
28.0	27.5	28.5	0.6232	+2.0E-4	-2.0E-4	+0.0078	-0.0078
29.0	28.5	29.5	0.624	+2.0E-4	-2.0E-4	+0.0078	-0.0078
30.0	29.5	30.5	0.6248	+2.0E-4	-2.0E-4	+0.0078	-0.0078
31.0	30.5	31.5	0.6255	+2.0E-4	-2.0E-4	+0.0078	-0.0078
32.0	31.5	32.5	0.6262	+1.9E-4	-1.9E-4	+0.0078	-0.0078
33.0	32.5	33.5	0.627	+1.9E-4	-1.9E-4	+0.0078	-0.0078
34.0	33.5	34.5	0.6277	+1.9E-4	-1.9E-4	+0.0078	-0.0078
35.0	34.5	35.5	0.6284	+1.9E-4	-1.9E-4	+0.0078	-0.0078
36.0	35.5	36.5	0.6289	+1.9E-4	-1.9E-4	+0.0078	-0.0078
37.0	36.5	37.5	0.6296	+1.9E-4	-1.9E-4	+0.0078	-0.0078
38.0	37.5	38.5	0.6301	+1.8E-4	-1.8E-4	+0.0078	-0.0078
39.0	38.5	39.5	0.6306	+1.9E-4	-1.9E-4	+0.0078	-0.0078
40.0	39.5	40.5	0.6312	+1.8E-4	-1.8E-4	+0.0078	-0.0078
41.0	40.5	41.5	0.6316	+1.8E-4	-1.8E-4	+0.0078	-0.0078
42.0	41.5	42.5	0.6321	+1.8E-4	-1.8E-4	+0.0078	-0.0078
43.0	42.5	43.5	0.6327	+1.8E-4	-1.8E-4	+0.0078	-0.0078
44.0	43.5	44.5	0.6331	+1.7E-4	-1.7E-4	+0.0079	-0.0079
45.0	44.5	45.5	0.6335	+1.7E-4	-1.7E-4	+0.0078	-0.0078
46.0	45.5	46.5	0.6341	+1.7E-4	-1.7E-4	+0.0079	-0.0079
47.0	46.5	47.5	0.6346	+1.7E-4	-1.7E-4	+0.0079	-0.0079
48.0	47.5	48.5	0.6351	+1.7E-4	-1.7E-4	+0.0079	-0.0079
49.0	48.5	49.5	0.6357	+1.7E-4	-1.7E-4	+0.0079	-0.0079
50.0	49.5	50.5	0.6362	+1.7E-4	-1.7E-4	+0.0079	-0.0079
51.0	50.5	51.5	0.6366	+1.6E-4	-1.6E-4	+0.0079	-0.0079
52.0	51.5	52.5	0.6372	+1.7E-4	-1.7E-4	+0.0079	-0.0079
53.0	52.5	53.5	0.6376	+1.7E-4	-1.7E-4	+0.0079	-0.0079
54.0	53.5	54.5	0.638	+1.6E-4	-1.6E-4	+0.0079	-0.0079
55.0	54.5	55.5	0.6385	+1.6E-4	-1.6E-4	+0.0079	-0.0079
56.0	55.5	56.5	0.639	+1.6E-4	-1.6E-4	+0.0079	-0.0079
57.0	56.5	57.5	0.6394	+1.6E-4	-1.6E-4	+0.0079	-0.0079
58.0	57.5	58.5	0.6399	+1.6E-4	-1.6E-4	+0.008	-0.008
59.0	58.5	59.5	0.6403	+1.6E-4	-1.6E-4	+0.008	-0.008
60.0	59.5	60.5	0.6406	+1.6E-4	-1.6E-4	+0.008	-0.008
61.0	60.5	61.5	0.641	+1.6E-4	-1.6E-4	+0.008	-0.008
62.0	61.5	62.5	0.6414	+1.6E-4	-1.6E-4	+0.008	-0.008
63.0	62.5	63.5	0.6417	+1.6E-4	-1.6E-4	+0.008	-0.008
64.0	63.5	64.5	0.6421	+1.6E-4	-1.6E-4	+0.008	-0.008
65.0	64.5	65.5	0.6425	+1.5E-4	-1.5E-4	+0.008	-0.008
66.0	65.5	66.5	0.6428	+1.5E-4	-1.5E-4	+0.008	-0.008
67.0	66.5	67.5	0.6431	+1.5E-4	-1.5E-4	+0.008	-0.008
68.0	67.5	68.5	0.6435	+1.5E-4	-1.5E-4	+0.008	-0.008
69.0	68.5	69.5	0.6438	+1.5E-4	-1.5E-4	+0.008	-0.008
70.0	69.5	70.5	0.6442	+1.5E-4	-1.5E-4	+0.008	-0.008
71.0	70.5	71.5	0.6445	+1.5E-4	-1.5E-4	+0.008	-0.008
72.0	71.5	72.5	0.6449	+1.5E-4	-1.5E-4	+0.008	-0.008
73.0	72.5	73.5	0.6452	+1.5E-4	-1.5E-4	+0.008	-0.008
74.0	73.5	74.5	0.6456	+1.5E-4	-1.5E-4	+0.008	-0.008
75.0	74.5	75.5	0.6459	+1.5E-4	-1.5E-4	+0.008	-0.008
76.0	75.5	76.5	0.6461	+1.5E-4	-1.5E-4	+0.008	-0.008
77.0	76.5	77.5	0.6466	+1.5E-4	-1.5E-4	+0.008	-0.008
78.0	77.5	78.5	0.6469	+1.4E-4	-1.4E-4	+0.008	-0.008
79.0	78.5	79.5	0.6473	+1.4E-4	-1.4E-4	+0.008	-0.008
80.0	79.5	80.5	0.6476	+1.4E-4	-1.4E-4	+0.008	-0.008
81.0	80.5	81.5	0.648	+1.4E-4	-1.4E-4	+0.008	-0.008
82.0	81.5	82.5	0.6483	+1.4E-4	-1.4E-4	+0.008	-0.008
83.0	82.5	83.5	0.6486	+1.4E-4	-1.4E-4	+0.0081	-0.0081
84.0	83.5	84.5	0.6489	+1.4E-4	-1.4E-4	+0.0081	-0.0081
85.0	84.5	85.5	0.6491	+1.4E-4	-1.4E-4	+0.0081	-0.0081
86.0	85.5	86.5	0.6494	+1.4E-4	-1.4E-4	+0.0081	-0.0081
87.0	86.5	87.5	0.6497	+1.4E-4	-1.4E-4	+0.0081	-0.0081
88.0	87.5	88.5	0.65	+1.4E-4	-1.4E-4	+0.0081	-0.0081
89.0	88.5	89.5	0.6503	+1.4E-4	-1.4E-4	+0.0081	-0.0081
90.0	89.5	90.5	0.6505	+1.4E-4	-1.4E-4	+0.0081	-0.0081
91.0	90.5	91.5	0.6507	+1.4E-4	-1.4E-4	+0.0081	-0.0081
92.0	91.5	92.5	0.651	+1.4E-4	-1.4E-4	+0.0081	-0.0081
93.0	92.5	93.5	0.6512	+1.4E-4	-1.4E-4	+0.0081	-0.0081
94.0	93.5	94.5	0.6516	+1.3E-4	-1.3E-4	+0.0081	-0.0081
95.0	94.5	95.5	0.6518	+1.3E-4	-1.3E-4	+0.0081	-0.0081
96.0	95.5	96.5	0.6522	+1.4E-4	-1.4E-4	+0.0081	-0.0081
97.0	96.5	97.5	0.6523	+1.3E-4	-1.3E-4	+0.0081	-0.0081
98.0	97.5	98.5	0.6526	+1.3E-4	-1.3E-4	+0.0081	-0.0081
99.0	98.5	99.5	0.6528	+1.3E-4	-1.3E-4	+0.0081	-0.0081
100.0	99.5	100.5	0.6531	+1.3E-4	-1.3E-4	+0.008	-0.008

